

Problem converged in 4.500000e+00 iterations


 Bus Voltages 

 1 1.060000 -0.000000
 2 1.000000 -0.077399
 3 1.000000 -0.232628
 4 0.977023 -0.179153
 5 0.979934 -0.150465
 6 1.000000 -0.255544
 7 0.993773 -0.238672
 8 1.000000 -0.238672
 9 0.988559 -0.270300
 10 0.982633 -0.273428
 11 0.987509 -0.267151
 12 0.984356 -0.272638
 13 0.979457 -0.274344
 14 0.965277 -0.292111


 Line Flows 

Spq(1) = 		1.584784+i(0.579772)	
Spq(2) = 		0.752954+i(0.139885)	
Spq(3) = 		0.554979+i(0.042627)	
Spq(4) = 		0.758508+i(0.221750)	
Spq(5) = 		0.410137+i(0.020891)	
Spq(6) = 		-0.216297+i(0.209959)	
Spq(7) = 		-0.609362+i(0.128886)	
Spq(8) = 		0.437585+i(0.237583)	
Spq(9) = 		0.282395+i(0.033380)	
Spq(10) = 		0.000000+i(0.035130)	
Spq(11) = 		0.163121+i(0.043189)	
Spq(12) = 		0.282395+i(0.051567)	
Spq(13) = 		0.054378+i(0.048910)	
Spq(14) = 		0.071476+i(0.029006)	
Spq(15) = 		0.077531+i(0.024465)	
Spq(16) = 		0.176569+i(0.069365)	
Spq(17) = 		0.096138+i(0.040769)	
Spq(18) = 		-0.035795+i(0.009551)	
Spq(19) = 		0.015712+i(0.006770)	
Spq(20) = 		0.054845+i(0.013400)	

Sqp(1) = 		-1.535059+i(0.484016)	
Sqp(2) = 		-0.725660+i(0.211078)	
Sqp(3) = 		-0.537047+i(0.060484)	
Sqp(4) = 		-0.727852+i(0.146460)	
Sqp(5) = 		-0.400556+i(0.016817)	
Sqp(6) = 		0.222892+i(0.226938)	
Sqp(7) = 		0.614810+i(0.123956)	
Sqp(8) = 		-0.437585+i(0.181064)	
Sqp(9) = 		-0.282395+i(0.016436)	
Sqp(10) = 		-0.000000+i(0.035351)	
Sqp(11) = 		-0.163121+i(0.027612)	
Sqp(12) = 		-0.282395+i(0.042387)	
Sqp(13) = 		-0.054204+i(0.048447)	
Sqp(14) = 		-0.070911+i(0.027822)	
Sqp(15) = 		-0.076718+i(0.022774)	
Sqp(16) = 		-0.174188+i(0.064677)	
Sqp(17) = 		-0.094719+i(0.037752)	
Sqp(18) = 		0.035911+i(0.009824)	
Sqp(19) = 		-0.015645+i(0.006709)	
Sqp(20) = 		-0.054277+i(0.012244)	

 Line Losses 

Sloss(1) = 		0.049726+i(0.095756)	
Sloss(2) = 		0.027295+i(0.071193)	
Sloss(3) = 		0.017931+i(0.017857)	
Sloss(4) = 		0.030657+i(0.075290)	
Sloss(5) = 		0.009581+i(0.004073)	
Sloss(6) = 		0.006596+i(0.016980)	
Sloss(7) = 		0.005448+i(0.004929)	
Sloss(8) = 		0.000000+i(0.056519)	
Sloss(9) = 		0.000000+i(0.016944)	
Sloss(10) = 		0.000000+i(0.000220)	
Sloss(11) = 		-0.000000+i(0.015577)	
Sloss(12) = 		0.000000+i(0.009179)	
Sloss(13) = 		0.000174+i(0.000463)	
Sloss(14) = 		0.000565+i(0.001183)	
Sloss(15) = 		0.000812+i(0.001691)	
Sloss(16) = 		0.002381+i(0.004688)	
Sloss(17) = 		0.001418+i(0.003017)	
Sloss(18) = 		0.000117+i(0.000273)	
Sloss(19) = 		0.000067+i(0.000060)	
Sloss(20) = 		0.000568+i(0.001156)	


Total System Loss = 0.153334 + 0.354944	

Slack Bus Power = 2.343293 + 0.801522	

