

Problem  Converged in 15 Iterations

 1   1.060000   0.000000
 2   1.000266   -0.077306
 3   0.978092   -0.228406
 4   0.971932   -0.178663
 5   0.976827   -0.150242
 6   0.999989   -0.255998
 7   0.991395   -0.238400
 8   1.000001   -0.238436
 9   0.986283   -0.270155
 10   0.980758   -0.273412
 11   0.986531   -0.267349
 12   0.984231   -0.273045
 13   0.979104   -0.274691
 14   0.963810   -0.292245


Spq(1)=		1.582185+i(0.575751)	
Spq(2)=		0.742037+i(0.029696)	
Spq(3)=		0.559437+i(0.014048)	
Spq(4)=		0.758759+i(0.236132)	
Spq(5)=		0.414118+i(0.002871)	
Spq(6)=		-0.225294+i(0.113824)	
Spq(7)=		-0.612096+i(0.084115)	
Spq(8)=		0.438990+i(0.223309)	
Spq(9)=		0.281277+i(0.019810)	
Spq(10)=		0.000201+i(0.048439)	
Spq(11)=		0.162508+i(0.037632)	
Spq(12)=		0.282196+i(0.050544)	
Spq(13)=		0.053945+i(0.044249)	
Spq(14)=		0.072281+i(0.033467)	
Spq(15)=		0.077549+i(0.024900)	
Spq(16)=		0.176942+i(0.071786)	
Spq(17)=		0.095497+i(0.037942)	
Spq(18)=		-0.036444+i(0.013817)	
Spq(19)=		0.016136+i(0.007418)	
Spq(20)=		0.055537+i(0.016168)	

Sqp(1)=		-1.532685+i(0.480699)	
Sqp(2)=		-0.716174+i(0.095794)	
Sqp(3)=		-0.541259+i(0.032830)	
Sqp(4)=		-0.727729+i(0.159152)	
Sqp(5)=		-0.404345+i(0.000521)	
Sqp(6)=		0.230040+i(0.134603)	
Sqp(7)=		0.617505+i(0.079204)	
Sqp(8)=		-0.438990+i(0.167657)	
Sqp(9)=		-0.281277+i(0.002975)	
Sqp(10)=		-0.000201+i(0.048859)	
Sqp(11)=		-0.162508+i(0.022250)	
Sqp(12)=		-0.282196+i(0.041345)	
Sqp(13)=		-0.053785+i(0.043826)	
Sqp(14)=		-0.071679+i(0.032205)	
Sqp(15)=		-0.076734+i(0.023203)	
Sqp(16)=		-0.174530+i(0.067036)	
Sqp(17)=		-0.094117+i(0.035007)	
Sqp(18)=		0.036573+i(0.014120)	
Sqp(19)=		-0.016064+i(0.007352)	
Sqp(20)=		-0.054941+i(0.014953)	

Sloss(1)=		0.049499+i(0.095052)	
Sloss(2)=		0.025863+i(0.066097)	
Sloss(3)=		0.018178+i(0.018782)	
Sloss(4)=		0.031030+i(0.076980)	
Sloss(5)=		0.009773+i(0.003392)	
Sloss(6)=		0.004746+i(0.020780)	
Sloss(7)=		0.005410+i(0.004911)	
Sloss(8)=		-0.000000+i(0.055652)	
Sloss(9)=		0.000000+i(0.016835)	
Sloss(10)=		-0.000000+i(0.000421)	
Sloss(11)=		0.000000+i(0.015382)	
Sloss(12)=		0.000000+i(0.009199)	
Sloss(13)=		0.000159+i(0.000423)	
Sloss(14)=		0.000603+i(0.001262)	
Sloss(15)=		0.000815+i(0.001697)	
Sloss(16)=		0.002412+i(0.004750)	
Sloss(17)=		0.001380+i(0.002935)	
Sloss(18)=		0.000130+i(0.000303)	
Sloss(19)=		0.000072+i(0.000065)	
Sloss(20)=		0.000597+i(0.001215)	


Pslack = 2.340943	Qslack = 0.811883	