Problem converged in 4 iterations

 1 1.060000 -0.000000
 2 1.000000 -0.077401
 3 1.000000 -0.232635
 4 0.977023 -0.179155
 5 0.979934 -0.150467
 6 1.000000 -0.255546
 7 0.993773 -0.238675
 8 1.000000 -0.238675
 9 0.988558 -0.270303
 10 0.982632 -0.273431
 11 0.987508 -0.267153
 12 0.984356 -0.272640
 13 0.979455 -0.274347
 14 0.965274 -0.292114


Spq(1)=		1.584822+i(0.579763)	
Spq(2)=		0.752979-i(0.139887)	
Spq(3)=		0.554982-i(0.042629)	
Spq(4)=		0.758518+i(0.221746)	
Spq(5)=		0.410135-i(0.020894)	
Spq(6)=		-0.216318+i(0.209967)	
Spq(7)=		-0.609381+i(0.128883)	
Spq(8)=		0.437586+i(0.237586)	
Spq(9)=		0.282396+i(0.033383)	
Spq(10)=		0.000000-i(0.035133)	
Spq(11)=		0.163121+i(0.043192)	
Spq(12)=		0.282396+i(0.051572)	
Spq(13)=		0.054377+i(0.048911)	
Spq(14)=		0.071479+i(0.029008)	
Spq(15)=		0.077530+i(0.024464)	
Spq(16)=		0.176577+i(0.069376)	
Spq(17)=		0.096140+i(0.040773)	
Spq(18)=		-0.035797-i(0.009552)	
Spq(19)=		0.015718+i(0.006774)	
Spq(20)=		0.054847+i(0.013401)	

Sqp(1)=		-1.535095-i(0.484001)	
Sqp(2)=		-0.725682+i(0.211087)	
Sqp(3)=		-0.537050+i(0.060487)	
Sqp(4)=		-0.727861-i(0.146454)	
Sqp(5)=		-0.400554+i(0.016820)	
Sqp(6)=		0.222915-i(0.226944)	
Sqp(7)=		0.614829-i(0.123952)	
Sqp(8)=		-0.437586-i(0.181066)	
Sqp(9)=		-0.282396-i(0.016439)	
Sqp(10)=		-0.000000+i(0.035353)	
Sqp(11)=		-0.163121-i(0.027614)	
Sqp(12)=		-0.282396-i(0.042393)	
Sqp(13)=		-0.054203-i(0.048448)	
Sqp(14)=		-0.070914-i(0.027825)	
Sqp(15)=		-0.076718-i(0.022774)	
Sqp(16)=		-0.174196-i(0.064688)	
Sqp(17)=		-0.094721-i(0.037756)	
Sqp(18)=		0.035914+i(0.009825)	
Sqp(19)=		-0.015651-i(0.006713)	
Sqp(20)=		-0.054279-i(0.012244)	

Sloss(1)=		0.049727+i(0.095762)	
Sloss(2)=		0.027296+i(0.071200)	
Sloss(3)=		0.017931+i(0.017858)	
Sloss(4)=		0.030657+i(0.075292)	
Sloss(5)=		0.009580-i(0.004074)	
Sloss(6)=		0.006597-i(0.016977)	
Sloss(7)=		0.005448+i(0.004930)	
Sloss(8)=		0.000000+i(0.056520)	
Sloss(9)=		0.000000+i(0.016944)	
Sloss(10)=		0.000000+i(0.000220)	
Sloss(11)=		0.000000+i(0.015578)	
Sloss(12)=		0.000000+i(0.009180)	
Sloss(13)=		0.000174+i(0.000463)	
Sloss(14)=		0.000565+i(0.001184)	
Sloss(15)=		0.000812+i(0.001691)	
Sloss(16)=		0.002381+i(0.004689)	
Sloss(17)=		0.001418+i(0.003017)	
Sloss(18)=		0.000117+i(0.000273)	
Sloss(19)=		0.000067+i(0.000060)	
Sloss(20)=		0.000568+i(0.001156)	
TotalSloss=		0.153340+i(0.354965)	

Pslack = 2.343340	Qslack = 0.801509	